K1:
- [653.6836149650338, 0.0, 306.8200947437375]
- [0.0, 653.8056609554166, 248.1925875713932]
- [0.0, 0.0, 1.0]
D1: [0.24215829591446264, -1.2721793525008513, 5.879614320437029E-4, -0.0034292851636331446,
  2.0284136418001553]
K2:
- [654.0712322642072, 0.0, 311.0044914460144]
- [0.0, 654.3033439823224, 239.95515314783322]
- [0.0, 0.0, 1.0]
D2: [0.21754427164650497, -0.9245772242976765, 5.67269521934303E-4, -0.0026329535796021843,
  0.8613944969608346]
size: [480.0, 640.0]
rot1:
- [0.9999962634878676, 0.0012031383092159698, 0.0024546829758719645]
- [-0.001197342229858239, 0.9999964952207692, -0.002361338129741254]
- [-0.0024575153891149503, 0.0023583902109847645, 0.9999941992900383]
trans1: [119.85429434415975, -0.17470986234466698, -0.7305299872452423]
rot2:
- [0.9999962634878676, -0.001197342229858227, -0.0024575153891149564]
- [0.001203138309215982, 0.999996495220769, 0.002358390210984758]
- [0.002454682975871959, -0.00236133812974126, 0.9999941992900384]
trans2: [-119.85585098331686, 0.03223083174641301, 0.435908904681316]
T1:
- [0.9999962634878676, 0.0012031383092159698, 0.0024546829758719645, 119.85429434415975]
- [-0.001197342229858239, 0.9999964952207692, -0.002361338129741254, -0.17470986234466698]
- [-0.0024575153891149503, 0.0023583902109847645, 0.9999941992900383, -0.7305299872452423]
- [0.0, 0.0, 0.0, 1.0]
T2:
- [0.9999962634878676, -0.001197342229858227, -0.0024575153891149564, -119.85585098331686]
- [0.001203138309215982, 0.999996495220769, 0.002358390210984758, 0.03223083174641301]
- [0.002454682975871959, -0.00236133812974126, 0.9999941992900384, 0.435908904681316]
- [0.0, 0.0, 0.0, 1.0]
